0 7 0 10
0 39 0 4
0 62 0 10
0 74 17 188
1 4 16 185
1 11 16 180
1 14 16 179
1 43 1 14
1 59 1 17
1 65 16 180
1 81 1 13
1 81 16 177
2 84 15 169
3 2 3 43
3 28 3 37
3 59 14 39
3 61 14 163
3 73 14 163
3 75 14 163
4 31 4 44
4 36 13 151
5 1 5 55
5 21 5 61
5 34 5 55
5 42 12 140
5 66 5 62
5 89 5 61
6 7 6 70
6 8 11 124
6 14 6 68
6 32 11 129
6 77 11 122
7 11 7 77
7 17 7 79
7 26 7 87
7 49 10 116
7 59 10 113
7 78 7 80
7 85 10 116
7 86 7 80
8 48 9 108
8 74 9 107
8 83 9 108
9 2 0 4
9 50 0 8
9 61 0 7
9 71 0 5
10 18 17 194
10 18 17 191
10 28 17 190
10 28 15 169
10 34 15 165
10 59 17 196
11 0 1 15
11 21 14 20
11 42 14 154
12 12 13 144
12 26 2 30
12 32 13 146
12 47 2 23
12 60 2 27
12 71 13 152
12 76 2 23
13 1 12 136
13 18 3 38
13 34 3 40
13 74 12 138
14 15 4 53
14 19 11 124
14 50 4 53
14 59 4 46
14 63 4 47
14 71 11 129
15 5 10 114
15 6 5 117
15 19 10 113
15 20 10 118
15 39 5 60
15 70 10 116
15 73 5 65
15 82 10 117
16 46 9 102
16 66 6 76
16 86 6 66
17 7 7 83
17 20 7 79
17 20 8 89
17 23 7 87
17 41 7 83
17 48 7 81
17 56 8 91
17 80 8 95
17 85 8 94
18 0 15 166
18 44 15 167
18 65 15 168
18 67 0 175
18 86 15 175
19 18 16 181
19 21 14 161
19 25 16 181
19 48 14 164
19 49 14 164
19 50 14 157
19 64 16 185
19 67 16 177
19 71 16 154
20 90 13 144
21 1 1 12
21 10 12 137
21 13 12 139
21 35 1 21
21 48 1 19
21 75 1 13
21 81 12 139
21 85 12 138
22 16 11 128
22 17 11 127
22 20 11 131
22 58 2 25
23 8 10 112
23 9 10 120
23 15 3 35
23 15 10 37
23 23 10 110
23 27 3 33
23 35 10 120
23 38 3 38
23 38 3 41
23 77 3 40
24 8 9 104
24 24 4 53
24 42 9 107
24 45 4 47
24 56 9 107
24 68 4 48
24 80 9 100
24 86 9 45
25 26 8 96
25 30 8 98
25 47 5 55
25 71 5 58
26 25 6 74
26 46 6 70
26 55 6 72
26 73 6 68
26 83 6 66
27 6 14 158
27 15 14 162
27 66 14 155
27 78 0 0
27 81 14 160
28 26 13 148
28 34 13 147
28 39 15 165
28 45 15 171
28 54 15 168
28 63 13 148
28 70 13 152
28 82 13 147
29 0 16 178
29 53 16 178
29 63 16 182
29 84 12 142
29 90 12 141
30 26 11 121
30 56 17 194
30 63 11 126
30 68 11 124
31 14 1 13
31 15 1 13
31 38 1 18
31 63 1 17
32 28 2 23
32 28 9 100
32 56 9 99
32 64 9 99
32 66 9 106
32 67 9 104
33 18 3 36
33 49 8 96
33 57 8 94
33 58 8 88
33 61 8 93
33 75 3 35
33 77 3 37
33 83 3 33
33 89 8 95
34 18 7 77
34 19 4 54
35 11 5 56
35 24 6 60
35 30 5 59
35 30 5 64
35 43 5 55
35 43 6 72
35 70 5 61
36 5 13 149
36 24 0 7
36 38 0 6
36 38 13 150
36 45 0 9
36 55 0 148
36 57 0 3
36 58 13 146
37 4 14 156
37 21 14 154
37 37 12 133
37 62 14 157
37 74 14 156
37 77 14 155
38 11 11 124
38 16 15 122
38 53 11 128
38 69 15 165
38 74 11 125
39 12 10 115
39 38 10 115
39 42 16 183
39 57 16 178
39 65 10 116
39 80 10 113
39 90 10 113
40 1 17 191
40 17 9 104
40 24 17 194
40 89 17 192
41 32 8 98
41 52 1 13
41 53 8 93
41 64 8 98
42 12 2 27
42 22 7 85
42 57 2 31
42 89 2 32
43 2 3 41
43 12 6 75
43 18 3 36
43 27 6 73
43 37 6 72
43 39 6 66
43 44 3 41
43 59 6 68
43 61 3 36
43 63 3 41
44 6 4 51
44 23 4 50
44 23 4 51
44 57 4 54
44 73 4 44
44 75 5 60
45 5 0 0
45 7 0 0
45 27 0 6
45 34 12 135
45 44 0 9
45 50 12 137
45 62 12 136
46 2 11 129
46 6 13 149
46 14 13 152
46 16 13 124
46 20 11 131
46 23 11 121
46 30 11 121
46 59 11 125
46 84 13 148
47 3 14 160
47 15 14 159
47 20 10 113
47 37 10 120
47 41 10 155
47 50 10 113
47 68 14 154
47 73 10 157
47 83 14 160
48 20 15 166
48 24 15 173
48 33 15 165
48 72 15 172
49 6 8 93
49 13 8 94
49 38 16 179
49 42 16 186
49 42 16 182
49 54 8 94
49 57 8 97
49 81 16 183
49 89 16 178
50 0 17 191
50 9 17 196
50 19 7 85
50 50 17 191
50 55 7 85
50 60 7 87
50 85 7 81
50 90 7 87
51 0 1 21
51 21 6 67
51 40 1 12
51 42 1 17
51 45 1 19
51 55 1 73
52 2 2 31
52 33 5 57
52 38 2 22
52 42 2 29
52 62 5 57
52 67 5 64
52 83 5 57
52 83 5 63
53 6 3 37
53 6 3 39
53 78 4 48
54 4 0 5
54 8 11 128
54 12 0 0
54 54 11 126
54 85 0 2
55 15 10 119
55 42 10 120
55 62 10 118
55 71 10 115
56 7 9 108
56 8 13 145
56 9 13 153
56 14 9 101
56 36 9 106
57 15 14 162
57 67 8 93
57 80 14 163
58 23 7 85
58 64 15 173
59 6 6 73
59 25 6 69
59 31 16 181
59 44 16 176
59 83 6 67
60 45 17 197
61 6 4 47
61 11 4 45
61 25 1 16
61 30 4 51
61 42 4 54
61 57 1 20
61 75 1 14
61 87 1 19
62 34 2 31
62 54 2 40
62 55 2 29
62 68 3 40
62 80 2 24
63 21 0 0
63 34 0 9
63 36 0 6
63 50 0 0
63 56 0 1
64 9 9 128
64 11 9 100
64 23 11 122
64 30 9 107
64 54 11 130
64 76 9 101
64 84 9 103
65 23 8 137
65 25 12 141
65 44 12 137
65 62 8 88
65 72 12 142
65 77 12 137
65 78 12 134
65 88 8 94
65 88 8 95
66 24 13 144
66 37 13 152
66 44 7 79
66 56 13 147
66 63 13 147
66 75 7 82
66 81 7 85
67 17 6 75
67 29 14 164
67 34 6 68
67 40 14 162
67 41 6 70
67 67 6 70
67 77 14 162
67 81 6 72
68 13 5 63
68 54 5 61
68 72 5 60
68 80 15 173
68 81 5 168
68 87 5 60
69 45 16 178
69 63 4 51
69 71 4 50
70 36 3 40
70 52 3 35
70 59 17 188
70 89 3 42
71 12 1 12
71 54 2 29
71 65 1 21
71 66 2 23
71 83 2 23
71 85 2 24
71 85 2 27
72 24 0 9
72 34 0 8
72 42 0 5
72 53 9 109
72 69 0 3
72 84 9 103
73 7 10 117
73 26 8 114
73 44 10 117
73 63 8 90
73 70 8 93
73 74 8 94
73 87 8 91
74 10 11 122
74 12 11 122
74 12 7 82
74 13 11 127
74 24 11 131
74 66 7 85
74 90 7 87
75 39 12 132
75 67 6 68
75 74 6 75
76 16 5 56
76 27 5 60
76 83 13 146
77 4 14 162
77 8 4 52
77 16 4 51
77 21 14 163
77 21 4 45
77 32 14 50
77 55 4 52
77 89 14 164
78 15 3 34
78 19 15 167
78 26 15 167
78 27 3 37
78 66 3 40
78 70 3 38
78 75 3 42
78 78 15 175
79 25 16 182
79 35 2 28
79 40 2 31
79 43 16 182
79 79 16 184
79 85 16 179
79 85 2 31
80 25 17 191
80 31 1 15
80 35 1 13
80 37 17 189
80 52 17 188
80 54 1 19
80 60 17 195
80 85 17 187
80 85 1 12
82 25 9 78
82 38 7 80
82 45 7 84
82 52 9 102
82 67 9 100
82 86 7 83
82 88 9 102
83 18 6 73
83 50 6 76
83 62 6 71
84 7 11 125
84 44 5 57
84 56 11 129
84 82 5 61
85 55 12 132
85 74 12 134
86 10 3 39
86 74 13 143
87 68 14 159
87 82 14 155
88 12 15 168
88 22 1 21
88 25 15 175
88 52 15 169
88 56 15 166
88 65 1 20
88 81 1 11
88 86 1 17
88 86 1 20
89 32 16 185
89 46 16 182
89 47 17 188
89 49 16 177
89 54 17 192
89 63 16 180
89 76 16 181
89 79 17 192
90 10 7 79
90 25 0 3
90 34 7 81
90 44 7 81
90 51 7 78
90 58 0 10
91 32 6 75
91 37 8 95
91 41 6 71
92 10 5 63
92 27 5 61
92 60 5 58
92 68 5 65
93 0 10 111
93 4 4 44
93 16 4 50
93 24 10 111
93 43 10 113
93 50 10 112
93 54 4 52
93 56 10 111
93 56 4 48
94 2 3 42
94 6 3 42
94 27 3 39
94 58 3 36
94 87 11 128
94 87 11 130
95 35 2 24
95 37 12 136
95 57 12 140
95 61 12 139
95 69 12 137
96 16 1 18
96 45 1 21
96 79 1 18
97 2 17 196
97 10 17 192
97 20 17 188
97 24 14 164
97 33 17 197
97 62 17 196
98 4 16 185
98 6 15 175
98 6 15 180
98 6 16 182
98 8 15 169
98 20 15 166
98 26 16 183
98 40 16 174
98 43 16 177
98 46 15 175
100 31 7 83
100 74 5 82
100 86 7 77
101 5 8 96
101 45 4 48
101 50 4 50
101 64 8 88
101 82 8 95
101 82 4 46
101 84 8 92
101 86 8 97
102 32 9 109
102 45 3 41
102 78 9 108
102 83 9 108
103 58 10 27
103 59 10 115
103 85 10 119
104 27 1 11
104 45 1 19
105 6 12 137
105 9 12 135
105 56 12 142
105 65 17 193
105 82 12 132
106 0 13 150
106 7 16 186
106 8 13 153
106 19 13 152
106 21 13 152
106 30 13 147
106 55 16 178
107 20 14 157
107 30 14 160
107 57 14 156
107 85 14 171
108 13 0 5
108 19 0 4
108 83 0 2
109 26 4 50
109 45 4 47
109 62 4 49
109 75 4 47
109 87 4 49
111 23 2 28
111 27 8 94
111 83 2 28
112 5 9 99
112 18 1 14
112 33 9 106
112 40 9 103
112 76 9 102
113 8 10 116
113 23 17 193
113 24 10 115
113 25 17 187
113 32 10 197
113 53 17 195
113 63 10 111
113 81 17 197
114 8 11 124
114 52 11 123
114 63 11 126
114 90 11 121
115 2 15 171
115 5 12 134
115 27 15 172
115 36 12 141
115 38 15 165
115 62 15 172
116 12 14 158
116 56 14 162
116 58 14 154
117 26 0 45
117 29 0 6
117 49 4 54
117 78 4 47
118 26 5 34
118 33 3 41
118 61 5 57
118 61 3 38
118 88 3 33
119 4 6 66
119 12 2 27
119 25 6 74
119 27 6 72
119 60 6 73
119 76 2 31
120 13 7 87
120 51 1 80
120 64 1 85
120 83 1 18
121 5 17 187
121 10 17 189
121 27 8 93
121 63 8 89
121 65 17 195
121 69 17 193
121 81 17 187
122 28 9 107
122 44 9 101
122 50 9 99
122 53 9 109
122 69 9 101
123 9 15 165
123 29 10 110
123 31 10 111
123 52 10 118
123 75 10 111
123 78 15 175
123 78 15 168
123 88 15 171
124 78 11 131
125 13 12 153
125 22 13 144
125 76 12 132
125 88 13 149
127 31 4 24
127 33 4 54
127 49 2 30
127 58 4 46
127 63 2 26
128 12 5 55
128 15 1 13
128 16 1 18
128 17 1 20
128 22 5 57
128 56 1 21
128 72 1 15
129 1 6 71
129 59 17 75
129 76 6 76
130 1 16 184
130 2 7 77
130 10 16 186
130 15 7 84
130 39 7 84
130 77 7 82
132 14 14 164
132 54 9 101
132 59 14 162
132 90 9 104
133 7 10 116
133 11 13 150
133 49 10 120
133 59 10 115
133 89 10 115
134 5 12 140
134 18 12 136
134 20 12 141
134 24 12 136
135 34 2 25
136 3 3 38
136 45 3 40
136 88 3 43
137 25 4 52
137 38 4 45
137 39 4 46
137 46 4 46
137 66 17 191
138 11 5 63
138 13 5 56
138 18 5 55
138 37 5 59
138 53 16 186
138 56 5 57
139 12 15 172
139 64 15 171
139 89 15 171
140 7 7 162
140 39 14 164
140 55 7 83
140 65 14 163
140 75 14 157
140 80 7 78
140 82 7 81
141 27 8 95
141 40 13 149
141 48 8 149
142 6 12 141
142 11 12 103
142 24 12 142
142 45 12 139
142 56 12 134
142 66 9 107
143 50 11 128
143 51 11 121
143 61 11 125
143 61 11 127
143 67 11 131
144 13 1 11
144 22 1 15
144 32 1 16
144 56 1 13
144 75 1 11
145 24 2 30
145 28 17 194
145 65 2 30
145 70 2 28
145 75 2 30
146 30 16 176
146 56 16 184
146 63 16 185
146 90 16 179
147 3 4 44
147 41 4 53
147 53 4 54
147 57 4 50
147 61 4 170
148 4 14 164
148 19 14 158
148 38 14 159
148 40 14 157
148 90 14 155
149 26 13 147
149 43 6 76
149 50 13 143
149 60 13 143
149 69 13 151
149 83 6 68
149 89 6 69
150 6 7 132
150 16 7 82
150 18 7 81
150 19 12 140
150 39 7 81
150 78 7 87
151 0 8 97
151 73 8 98
151 81 8 94
151 81 8 127
151 86 8 90
152 16 9 106
152 34 9 99
152 48 9 101
152 84 9 115
152 84 9 108
153 17 0 6
153 28 17 8
153 35 0 10
153 64 0 5
153 81 17 189
154 17 16 178
154 28 16 180
154 50 1 14
154 54 16 178
154 73 1 18
154 79 1 20
155 5 15 175
155 6 15 165
155 17 15 175
155 21 15 168
155 82 15 166
156 32 14 161
156 40 3 43
156 70 14 164
156 75 3 38
157 8 13 151
158 2 5 62
158 26 12 137
158 27 5 59
158 59 12 132
158 72 12 135
158 75 12 60
159 27 11 130
159 38 11 130
159 54 11 127
160 6 7 84
160 29 7 81
160 62 10 120
160 77 7 85
160 83 7 87
160 88 7 78
161 30 8 93
161 30 8 92
161 72 8 93
162 40 16 181
162 51 0 9
162 53 16 183
162 71 16 184
162 77 0 5
162 86 16 182
162 90 0 1
163 39 17 188
163 47 15 167
163 48 15 168
163 53 17 175
163 57 17 187
163 64 17 187
163 66 15 172
163 85 15 169
163 86 17 190
164 21 14 12
164 43 14 157
164 67 14 159
165 10 2 28
165 22 2 27
165 49 2 25
165 57 13 145
165 65 13 147
165 68 2 23
166 3 3 40
166 16 3 43
166 42 12 133
167 5 11 127
167 6 4 45
167 16 11 122
167 38 4 53
167 40 11 127
167 48 11 125
167 64 11 121
167 76 4 54
167 81 4 46
167 86 4 54
168 2 10 117
168 21 10 110
169 9 6 68
169 12 6 70
169 26 6 71
169 66 6 72
169 87 9 107
170 25 7 81
170 27 7 77
170 63 7 84
170 82 8 89
171 70 15 173
171 83 0 3
172 9 16 181
172 11 16 176
172 46 14 162
172 62 14 159
172 71 14 162
172 76 14 158
172 87 16 180
172 90 16 182
174 36 12 11
174 62 12 135
175 2 2 27
175 3 11 128
175 23 11 130
175 23 2 28
175 34 2 29
175 50 2 26
175 58 11 128
175 76 11 131
176 34 3 33
176 48 10 120
176 58 10 120
176 72 10 117
176 75 3 37
176 90 3 40
177 21 9 108
177 29 4 53
177 47 9 104
177 47 4 52
177 66 9 106
177 71 4 52
177 71 4 44
178 85 5 55
179 5 6 67
179 27 7 82
179 28 7 87
179 87 7 86
180 23 0 2
180 56 14 154
180 77 0 5
181 9 13 149
181 10 15 167
181 18 15 172
181 51 13 151
181 57 13 146
181 59 15 172
181 83 13 151
181 89 15 170
182 88 12 142
183 5 11 125
183 11 11 121
183 29 11 124
183 45 17 196
183 55 11 128
183 84 17 197
183 88 11 121
185 15 9 101
185 78 2 27
186 6 3 43
186 86 8 92
187 7 7 78
187 12 7 86
187 26 7 81
187 31 7 85
188 16 5 58
188 22 6 71
188 32 6 70
188 53 6 75
188 57 5 59
188 64 5 62
188 86 5 55
189 0 0 9
189 29 0 7
189 49 0 9
189 55 0 2
189 60 0 6
191 41 11 126
191 80 15 165
192 3 10 119
192 13 10 111
192 14 10 181
192 53 10 113
192 54 10 119
193 35 9 106
193 51 9 105
193 77 17 196
193 82 9 104
194 22 1 18
194 37 1 15
194 81 1 97
195 62 7 84
195 65 7 79
195 74 7 77
195 75 7 83
195 88 7 80
196 27 3 36
196 79 3 40
196 81 3 38
197 4 5 56
197 10 5 59
197 25 5 58
197 36 5 56
197 39 4 46
197 62 4 45
197 69 5 56
198 48 0 6
198 54 0 10
199 22 11 122
199 35 11 128
199 42 11 130
199 45 13 144
199 62 13 149
199 86 13 153
201 11 9 99
201 27 9 105
201 32 15 170
202 23 16 181
202 37 16 177
202 40 16 176
202 40 16 181
202 50 8 92
202 52 8 93
202 88 8 91
202 88 16 180
203 28 7 79
203 35 7 78
203 50 17 191
203 66 17 197
204 15 6 66
204 57 6 75
204 61 6 76
205 44 2 26
205 56 2 23
205 59 5 60
205 69 5 57
205 80 2 26
206 2 4 46
206 6 3 42
206 10 4 49
206 72 3 34
207 0 11 122
207 2 0 130
207 12 11 128
207 56 0 2
207 60 11 122
207 74 0 1
207 84 11 127
208 12 12 138
208 14 12 135
208 17 10 137
208 20 12 115
208 36 12 138
208 61 12 133
208 71 10 114
209 10 9 107
209 12 9 101
209 14 9 107
209 54 9 103
209 63 13 147
209 73 13 148
209 80 13 146
209 89 9 101
210 21 14 155
210 62 14 159
210 65 8 88
210 69 8 91
210 70 8 95
210 72 14 157
210 77 8 93
211 48 7 82
211 49 7 77
211 54 7 87
211 56 7 87
211 78 7 84
212 2 6 68
212 23 16 181
212 28 6 69
213 28 5 56
213 48 17 196
213 61 5 57
213 80 17 196
214 2 4 11
214 39 1 21
214 48 1 14
214 61 4 54
214 64 4 52
214 84 4 52
215 1 2 25
215 21 2 31
215 24 2 31
215 29 2 26
215 33 2 27
215 89 3 35
216 3 10 117
216 8 10 110
216 23 10 118
216 38 0 9
216 50 10 111
216 57 10 113
216 60 0 3
216 79 0 5
217 19 11 123
217 38 11 127
217 47 11 131
217 57 11 125
217 75 11 128
218 11 8 90
218 85 12 140
219 18 7 87
219 30 7 84
220 2 14 164
220 23 6 76
220 36 14 157
220 48 6 67
220 70 14 156
220 81 6 67
221 17 5 62
221 31 5 60
221 78 5 56
223 14 3 34
223 22 3 35
223 35 17 190
223 42 17 190
224 4 2 29
224 12 2 32
224 44 1 21
224 68 1 12
224 81 2 28
225 15 9 102
225 21 9 103
225 35 9 99
225 47 0 5
225 47 0 101
225 71 9 101
225 73 9 104
225 77 0 1
225 86 0 10
225 86 0 0
226 19 8 89
226 52 8 97
226 56 10 116
226 74 10 118
226 77 8 93
226 82 10 119
226 85 8 94
227 13 11 122
227 22 11 122
228 64 12 140
228 80 12 135
229 26 5 56
230 10 14 158
230 13 14 159
230 32 4 53
230 32 14 157
230 36 14 154
230 52 4 45
230 54 4 48
230 81 4 155
231 2 15 167
231 9 3 34
231 49 3 37
233 15 17 187
233 48 17 187
233 68 17 195
233 71 17 196
233 85 17 195
234 4 0 0
234 73 0 4
234 87 0 7
235 25 7 79
235 25 7 80
235 65 7 86
235 78 7 103
236 32 6 67
236 54 6 74
237 0 5 61
237 0 11 126
237 22 11 129
237 35 5 55
237 40 11 129
237 46 5 59
237 50 11 129
237 60 11 57
237 73 5 59
237 85 5 59
238 2 12 136
238 22 12 141
238 26 12 137
238 66 12 135
238 80 12 140
239 3 3 36
239 33 13 152
239 38 3 41
239 77 3 43
239 78 13 153
239 88 13 147
240 44 14 161
240 46 14 159
240 73 2 24
240 81 2 26
240 88 14 157
241 0 15 165
241 8 1 14
241 29 1 17
241 39 1 20
241 40 1 18
241 49 1 17
241 57 15 169
241 74 15 167
241 76 15 175
241 84 15 166
242 14 16 182
242 36 17 192
242 39 16 188
242 48 16 182
242 49 16 181
242 53 16 182
242 58 17 191
242 73 17 193
242 88 17 188
243 3 0 6
243 27 0 5
243 37 7 81
243 58 7 80
243 71 7 83
243 76 0 9
243 85 7 85
244 1 6 68
244 28 8 91
244 39 8 93
244 41 8 96
244 44 6 72
244 48 8 91
244 52 6 69
244 55 6 68
244 58 8 93
244 78 6 75
245 32 9 104
245 76 5 64
246 34 10 111
246 81 10 113
246 86 10 110
247 13 3 38
247 16 11 126
247 16 11 126
247 34 3 40
247 47 3 37
247 58 3 43
247 83 3 37
248 0 2 133
248 16 2 32
248 17 2 28
248 32 2 138
248 49 12 135
248 61 12 136
248 64 12 135
248 73 12 142
248 83 2 22
249 2 1 19
249 12 1 20
249 25 1 20
249 46 1 12
249 84 1 13
250 50 14 162
250 60 17 194
250 86 14 157
251 2 16 186
251 10 16 185
252 5 0 4
252 8 0 7
252 50 0 3
252 78 0 7
253 25 5 57
253 29 7 78
253 76 7 78
254 6 8 89
254 9 4 53
254 53 8 94
254 56 8 54
254 57 4 53
254 72 4 52
254 78 8 92
254 88 8 95
255 0 9 103
255 6 9 107
255 70 9 102
255 74 9 105
255 90 3 35
256 23 10 110
256 42 10 111
256 47 10 110
256 52 10 115
256 89 2 30
257 12 1 20
257 22 1 11
257 63 11 124
257 67 11 131
257 73 1 13
258 47 17 197
259 1 16 181
259 22 16 185
259 43 16 180
260 15 15 167
260 37 15 166
260 66 15 167
260 66 14 154
260 78 15 158
260 88 14 157
261 8 0 9
261 12 0 4
261 23 0 2
261 37 0 0
261 84 0 64
262 2 4 51
262 9 4 50
262 10 6 67
262 20 4 44
262 41 6 66
262 45 6 76
262 46 4 49
262 84 6 68
262 85 6 76
262 89 4 50
263 12 7 83
263 15 3 36
263 19 7 79
263 39 3 36
263 47 7 82
263 53 3 38
263 71 7 82
263 76 3 35
263 77 7 80
263 82 3 42
264 9 2 25
264 10 8 93
264 31 8 92
264 60 8 92
264 62 8 93
265 4 9 105
265 54 9 109
266 2 17 189
266 10 17 192
266 11 10 112
266 23 17 194
266 42 10 118
266 54 10 193
266 65 17 196
266 79 10 110
267 8 16 180
267 13 11 125
267 26 16 176
267 35 11 127
268 3 15 175
268 6 15 133
268 13 15 172
268 18 15 173
268 43 15 168
269 26 14 164
269 32 14 155
269 34 13 145
269 39 13 150
269 58 14 161
270 70 4 45
270 71 4 51
270 82 4 51
271 15 3 35
271 55 3 34
272 7 2 23
272 14 2 27
272 31 2 32
272 37 6 76
272 41 6 74
272 50 2 24
272 62 6 70
273 4 1 14
273 21 1 18
273 27 1 12
273 38 1 11
273 45 1 20
273 50 7 78
273 59 7 82
274 15 17 194
274 24 8 98
274 70 8 98
274 81 8 98
274 83 17 192
275 9 16 179
275 11 9 103
275 27 9 105
275 28 16 178
275 46 16 180
275 60 16 178
275 62 9 103
275 83 9 100
276 3 15 174
276 31 15 169
276 41 15 169
276 62 10 110
276 71 15 169
276 76 10 111
276 82 15 169
277 34 14 158
277 46 11 127
277 62 14 162
277 80 11 124
278 15 13 143
278 27 13 146
278 60 12 144
278 82 13 150
279 69 0 8
280 7 2 27
280 15 4 22
280 48 4 48
280 58 2 28
281 1 5 65
281 5 1 11
281 29 1 20
281 29 5 21
281 33 1 15
281 37 5 65
281 51 1 20
282 88 17 191
283 10 7 77
283 38 7 80
284 25 15 170
284 33 15 174
284 33 8 90
284 53 8 89
284 68 8 96
284 85 8 96
285 11 9 99
285 49 14 154
285 59 9 109
285 76 14 158
286 46 13 150
286 48 13 145
286 72 10 116
286 87 13 148
287 14 12 137
287 43 12 141
287 66 12 135
287 70 12 139
287 83 12 139
288 20 0 4
288 44 2 25
288 51 0 10
288 52 0 9
288 78 2 26
288 79 0 9
289 16 1 19
289 25 3 40
289 45 3 34
289 50 1 20
289 56 1 17
289 62 3 33
289 62 3 38
289 65 1 17
289 70 3 43
290 22 17 189
290 33 17 188
290 44 17 188
290 71 17 189
291 56 5 56
291 73 5 56
293 37 14 156
293 49 14 164
293 51 7 77
293 57 14 161
293 64 14 156
293 88 7 78
294 5 13 147
294 33 13 149
294 54 13 144
294 55 13 149
294 72 13 150
295 54 9 102
295 69 12 142
296 10 10 110
296 20 11 129
296 26 11 123
296 31 11 121
296 42 11 127
296 54 11 124
297 7 1 3
297 15 1 0
297 16 0 8
297 36 1 19
297 44 1 17
297 59 1 20
297 63 0 4
297 64 0 0
298 6 2 197
298 14 17 190
298 40 17 196
298 65 2 22
299 3 16 180
299 14 16 181
299 39 3 40
299 65 16 184
300 49 15 168
300 61 4 53
300 83 4 50
300 85 4 50
301 34 14 158
301 39 14 63
301 69 14 159
302 35 6 71
303 18 7 87
303 57 12 135
303 57 7 81
304 30 8 97
304 40 8 91
304 54 11 129
304 64 11 125
304 76 8 97
304 77 8 131
305 58 9 108
305 68 10 109
305 82 9 100
