0 0 17
1 1 16
2 2 15
3 3 14
4 4 13
5 5 12
6 6 11
7 7 10
8 8 9
9 0 16
10 17 15
11 1 14
12 2 13
13 3 12
14 4 11
15 5 10
16 6 9
17 7 8
18 0 15
19 16 14
20 17 13
21 1 12
22 2 11
23 3 10
24 4 9
25 5 8
26 6 7
27 0 14
28 15 13
29 16 12
30 17 11
31 1 10
32 2 9
33 3 8
34 4 7
35 5 6
36 0 13
37 14 12
38 15 11
39 16 10
40 17 9
41 1 8
42 2 7
43 3 6
44 4 5
45 0 12
46 13 11
47 14 10
48 15 9
49 16 8
50 17 7
51 1 6
52 2 5
53 3 4
54 0 11
55 12 10
56 13 9
57 14 8
58 15 7
59 16 6
60 17 5
61 1 4
62 2 3
63 0 10
64 11 9
65 12 8
66 13 7
67 14 6
68 15 5
69 16 4
70 17 3
71 1 2
72 0 9
73 10 8
74 11 7
75 12 6
76 13 5
77 14 4
78 15 3
79 16 2
80 17 1
81 0 8
82 9 7
83 10 6
84 11 5
85 12 4
86 13 3
87 14 2
88 15 1
89 16 17
90 0 7
91 8 6
92 9 5
93 10 4
94 11 3
95 12 2
96 13 1
97 14 17
98 15 16
99 0 6
100 7 5
101 8 4
102 9 3
103 10 2
104 11 1
105 12 17
106 13 16
107 14 15
108 0 5
109 6 4
110 7 3
111 8 2
112 9 1
113 10 17
114 11 16
115 12 15
116 13 14
117 0 4
118 5 3
119 6 2
120 7 1
121 8 17
122 9 16
123 10 15
124 11 14
125 12 13
126 0 3
127 4 2
128 5 1
129 6 17
130 7 16
131 8 15
132 9 14
133 10 13
134 11 12
135 0 2
136 3 1
137 4 17
138 5 16
139 6 15
140 7 14
141 8 13
142 9 12
143 10 11
144 0 1
145 2 17
146 3 16
147 4 15
148 5 14
149 6 13
150 7 12
151 8 11
152 9 10
153 17 0
154 16 1
155 15 2
156 14 3
157 13 4
158 12 5
159 11 6
160 10 7
161 9 8
162 16 0
163 15 17
164 14 1
165 13 2
166 12 3
167 11 4
168 10 5
169 9 6
170 8 7
171 15 0
172 14 16
173 13 17
174 12 1
175 11 2
176 10 3
177 9 4
178 8 5
179 7 6
180 14 0
181 13 15
182 12 16
183 11 17
184 10 1
185 9 2
186 8 3
187 7 4
188 6 5
189 13 0
190 12 14
191 11 15
192 10 16
193 9 17
194 8 1
195 7 2
196 6 3
197 5 4
198 12 0
199 11 13
200 10 14
201 9 15
202 8 16
203 7 17
204 6 1
205 5 2
206 4 3
207 11 0
208 10 12
209 9 13
210 8 14
211 7 15
212 6 16
213 5 17
214 4 1
215 3 2
216 10 0
217 9 11
218 8 12
219 7 13
220 6 14
221 5 15
222 4 16
223 3 17
224 2 1
225 9 0
226 8 10
227 7 11
228 6 12
229 5 13
230 4 14
231 3 15
232 2 16
233 1 17
234 8 0
235 7 9
236 6 10
237 5 11
238 4 12
239 3 13
240 2 14
241 1 15
242 17 16
243 7 0
244 6 8
245 5 9
246 4 10
247 3 11
248 2 12
249 1 13
250 17 14
251 16 15
252 6 0
253 5 7
254 4 8
255 3 9
256 2 10
257 1 11
258 17 12
259 16 13
260 15 14
261 5 0
262 4 6
263 3 7
264 2 8
265 1 9
266 17 10
267 16 11
268 15 12
269 14 13
270 4 0
271 3 5
272 2 6
273 1 7
274 17 8
275 16 9
276 15 10
277 14 11
278 13 12
279 3 0
280 2 4
281 1 5
282 17 6
283 16 7
284 15 8
285 14 9
286 13 10
287 12 11
288 2 0
289 1 3
290 17 4
291 16 5
292 15 6
293 14 7
294 13 8
295 12 9
296 11 10
297 1 0
298 17 2
299 16 3
300 15 4
301 14 5
302 13 6
303 12 7
304 11 8
305 10 9
