0 26 9 49
0 27 9 47
0 57 9 45
0 90 9 49
1 8 8 43
1 12 8 8
1 50 1 6
1 59 8 42
1 66 1 9
1 73 1 6
1 77 8 41
1 87 1 7
2 6 2 11
2 7 7 39
2 41 7 39
2 54 7 36
2 71 2 14
2 89 2 10
3 16 3 16
3 24 3 15
3 45 3 16
3 46 3 19
3 57 3 15
4 5 4 23
4 14 4 21
4 40 5 28
4 51 4 20
4 73 5 27
4 75 4 24
4 78 4 21
4 83 5 28
4 85 5 29
4 86 5 26
5 16 0 2
5 23 8 44
5 29 0 42
5 31 0 1
5 45 8 44
5 67 8 42
5 74 8 41
5 79 0 2
6 15 7 35
6 28 9 45
6 63 9 37
6 84 9 48
7 12 6 34
7 18 6 30
7 22 1 6
7 42 6 33
7 43 1 5
7 61 1 5
8 11 5 14
8 46 2 12
8 68 5 25
8 76 2 13
8 78 2 14
9 1 4 23
9 64 4 18
9 72 4 23
9 78 4 21
10 5 7 39
10 65 0 2
10 80 0 1
10 80 0 4
11 8 8 41
11 47 8 43
11 60 8 40
12 21 5 29
12 44 9 46
12 53 5 46
12 62 5 28
13 23 1 7
13 57 1 20
13 63 1 5
14 5 2 10
14 18 2 14
14 50 2 10
15 10 0 3
15 20 6 30
15 32 0 3
15 46 6 32
15 48 6 31
15 53 0 0
15 89 0 33
16 6 7 38
16 64 5 27
16 65 7 35
16 69 7 35
16 74 7 35
16 83 7 37
17 15 4 23
17 29 4 23
17 37 4 23
17 41 8 43
17 60 4 20
17 63 8 41
17 79 8 44
18 4 3 15
18 25 3 46
18 33 9 49
18 68 3 16
18 73 9 47
18 85 3 17
18 90 3 19
19 25 2 6
19 29 2 10
19 36 2 13
19 66 1 6
19 73 2 11
19 80 1 6
20 6 5 28
20 33 0 3
20 57 5 28
20 83 5 27
20 88 0 0
21 5 6 32
21 9 4 20
21 35 6 33
21 48 4 22
21 53 4 21
21 75 6 30
21 79 4 21
22 37 7 39
22 40 3 15
22 43 3 16
22 59 7 39
23 3 2 10
23 41 2 11
23 84 2 10
24 0 1 5
24 61 1 5
25 17 0 4
25 21 4 24
25 30 4 20
25 35 4 24
25 76 4 22
25 85 4 21
26 8 3 18
26 11 5 25
26 11 3 16
26 47 5 25
26 49 5 27
26 61 3 19
26 80 5 26
26 83 5 28
27 5 6 32
27 6 6 31
27 10 6 32
27 17 2 10
27 18 2 11
27 29 6 33
27 37 6 31
27 55 2 32
27 79 2 13
28 2 7 35
28 34 7 38
28 39 1 8
28 70 1 5
28 80 7 38
29 42 9 45
29 46 8 42
29 62 9 45
29 68 8 43
29 71 9 49
29 77 8 41
29 78 9 45
30 31 3 17
30 59 3 16
30 66 3 17
30 76 3 19
31 2 2 14
31 54 2 10
32 53 1 9
33 26 6 31
33 38 9 49
33 45 9 46
33 80 6 30
34 61 8 40
34 68 7 39
35 4 0 4
35 20 0 0
35 76 0 11
36 22 1 6
36 44 1 8
36 50 3 18
37 3 9 48
37 10 4 23
37 53 4 21
37 53 9 47
37 68 4 21
37 70 4 23
37 86 9 47
38 14 5 27
38 23 8 40
38 32 8 44
38 50 8 44
38 75 8 44
38 84 5 26
38 87 8 41
39 18 7 36
39 25 7 35
39 62 7 32
40 22 0 1
40 23 0 8
40 76 0 3
41 5 2 11
41 10 2 14
41 19 9 46
41 43 2 14
41 55 2 12
41 66 9 48
41 66 9 48
41 86 9 49
42 18 3 17
42 18 3 19
42 26 8 41
42 44 3 18
42 57 3 15
42 72 3 16
42 72 8 44
42 86 8 42
43 32 4 20
43 47 4 21
43 51 7 39
43 61 7 37
43 68 4 24
43 74 4 21
43 74 7 36
44 23 5 25
44 26 5 27
44 26 6 32
44 67 5 26
44 74 6 30
44 76 5 26
45 8 9 46
45 10 9 46
45 13 9 49
45 13 9 46
45 48 9 47
45 66 0 2
45 84 0 2
45 85 0 2
46 0 1 6
46 19 8 44
46 51 8 41
46 74 8 42
46 80 1 8
47 11 7 37
47 13 2 11
47 25 2 13
47 28 2 39
47 31 7 11
47 48 7 35
47 57 2 39
47 65 2 13
48 5 6 34
48 24 6 33
48 26 3 18
48 36 3 17
48 67 3 16
48 71 3 17
48 83 3 16
49 10 5 23
49 15 4 28
49 48 5 24
49 78 4 23
49 84 4 23
49 90 5 28
50 22 0 3
50 45 0 1
50 82 8 44
51 1 9 38
51 39 7 37
51 43 9 46
51 46 9 45
51 66 9 49
51 77 9 47
51 90 7 38
52 28 6 31
52 32 6 30
52 43 6 33
52 59 1 6
52 62 1 34
52 78 6 33
53 10 5 25
53 11 2 11
53 26 2 13
53 58 2 13
53 72 5 27
53 80 2 10
54 7 3 16
54 14 4 22
54 26 4 20
54 53 4 20
54 57 3 16
54 68 3 18
54 71 4 21
54 83 4 23
55 25 7 37
55 28 7 36
55 31 7 38
55 40 7 35
55 43 0 1
55 54 0 0
55 64 7 36
56 20 6 33
56 33 8 32
56 49 8 41
56 90 8 41
57 0 5 28
57 16 9 27
57 28 9 48
57 30 5 47
57 36 5 25
57 39 9 46
57 54 5 25
57 77 5 47
57 80 9 47
58 18 4 21
58 24 4 20
58 26 4 24
58 28 1 8
58 33 1 23
58 39 4 20
58 59 4 23
58 64 1 23
59 23 2 13
59 33 3 15
59 74 3 17
60 0 6 34
60 6 0 0
60 30 0 4
60 44 0 33
60 45 0 1
60 55 0 3
60 88 6 32
61 24 5 37
61 30 5 28
61 62 5 25
62 18 8 44
62 33 8 41
62 49 4 24
62 51 4 22
62 52 8 42
62 72 4 24
63 13 3 16
63 27 3 17
63 27 3 19
63 38 3 18
63 46 9 48
63 87 3 16
64 3 2 13
64 5 2 11
64 10 2 12
64 57 1 13
64 69 1 8
64 82 2 14
64 84 2 12
65 7 0 4
65 32 0 26
65 41 5 29
65 42 0 4
65 71 0 2
66 36 4 33
66 85 4 22
67 20 3 15
67 37 7 39
67 41 3 15
67 43 7 37
67 49 3 17
67 71 3 35
67 76 7 17
67 78 3 16
67 87 7 15
68 31 2 10
68 38 2 11
68 62 2 11
68 68 2 10
68 90 2 14
69 69 1 5
69 77 9 47
70 47 4 21
70 64 0 1
70 70 0 0
70 82 4 24
71 10 5 27
71 53 5 18
72 11 6 30
72 17 2 31
72 30 2 10
73 23 1 9
73 25 7 39
73 41 7 38
73 52 1 8
73 59 1 9
73 63 7 36
73 72 7 37
73 72 7 38
74 61 8 42
75 72 3 0
76 52 4 21
76 54 2 24
77 12 5 26
77 29 1 5
77 58 1 5
77 58 5 27
77 59 5 27
77 75 1 5
77 79 5 8
78 35 9 31
78 56 9 45
78 57 6 30
78 78 9 47
79 14 8 40
79 18 8 43
79 27 7 38
79 69 7 39
79 86 7 38
80 9 0 2
80 15 0 4
80 31 0 1
80 62 0 14
80 88 0 4
81 11 3 16
81 22 1 5
81 27 3 15
81 32 1 7
81 45 3 8
81 54 1 8
81 67 1 8
81 68 3 16
81 82 1 5
82 0 9 48
82 70 9 45
83 16 5 26
83 20 5 28
83 23 5 29
83 33 8 43
83 54 5 25
83 55 8 28
84 28 7 36
85 39 1 9
85 39 1 5
85 54 1 8
85 78 1 5
85 78 1 3
85 84 0 0
86 1 2 13
86 2 2 11
86 25 2 47
86 26 2 13
86 31 9 45
86 32 9 48
86 36 9 47
86 41 2 48
86 65 9 46
86 69 9 45
87 10 8 40
87 18 8 19
87 34 3 19
87 39 3 16
87 42 3 16
87 58 8 43
87 70 3 15
88 5 4 22
88 40 4 21
88 54 4 35
89 87 6 34
89 87 5 26
89 88 6 30
