0 8 7 36
0 10 7 1
0 51 7 2
0 54 7 37
0 80 7 2
1 7 1 34
1 32 1 7
1 35 1 8
1 44 1 5
1 67 1 5
1 81 6 34
2 4 2 11
2 23 2 11
2 77 2 28
2 83 5 12
2 87 2 25
3 10 3 20
3 20 4 16
3 27 3 15
3 27 4 17
3 35 4 24
3 36 3 16
3 36 3 20
3 38 4 22
3 47 4 17
5 6 7 27
5 13 7 29
5 17 7 35
5 27 5 28
5 37 5 26
5 39 7 37
5 46 7 29
5 75 5 25
6 20 4 8
6 55 4 24
6 66 4 23
6 66 4 7
6 85 4 5
7 0 2 10
7 54 3 13
7 72 2 19
7 80 2 12
7 88 2 10
8 6 0 4
8 14 0 2
8 19 0 27
8 51 5 25
8 64 0 1
8 74 5 26
9 23 6 31
9 28 6 33
9 35 6 33
9 50 4 33
9 51 4 21
9 51 4 33
9 52 4 24
9 54 6 22
9 56 6 24
9 74 4 33
10 1 3 18
10 4 3 37
10 11 3 36
10 16 7 18
10 59 3 18
11 26 2 14
11 53 2 13
11 58 1 14
11 90 2 7
12 18 4 3
12 60 4 21
12 81 4 24
13 5 5 27
13 12 5 16
13 21 5 16
13 73 5 15
14 6 6 10
14 23 6 33
14 53 2 33
14 67 6 13
14 81 6 11
14 88 2 31
16 17 0 16
16 19 3 3
16 21 0 3
16 28 3 15
16 47 0 17
16 80 0 19
17 21 2 14
17 51 2 23
17 53 2 23
17 59 4 14
17 65 2 24
17 65 2 13
17 72 4 13
17 78 4 22
17 86 4 24
18 5 1 25
18 26 1 7
18 35 5 26
18 58 1 28
18 69 5 8
18 69 1 7
19 7 6 33
19 11 6 38
19 25 6 39
19 31 6 37
19 75 6 31
20 37 2 13
20 48 2 14
21 4 3 17
22 10 4 38
22 10 7 35
22 33 4 38
22 39 7 23
22 47 7 20
22 49 4 39
22 67 4 22
22 86 4 37
23 33 6 25
23 65 6 28
23 70 6 29
23 76 6 32
24 1 1 8
24 11 0 0
24 19 0 1
24 28 0 0
24 50 1 4
24 60 0 2
24 75 0 3
25 56 7 38
25 62 7 39
25 63 7 38
25 88 7 39
26 30 6 31
26 31 3 33
26 60 6 34
26 80 3 15
27 18 5 25
27 64 5 22
27 65 5 22
27 67 5 24
28 43 0 3
29 29 6 5
29 46 1 30
29 58 6 5
29 73 1 8
29 80 1 31
29 85 6 33
30 11 2 13
30 25 2 27
30 27 5 10
30 60 5 28
30 61 2 10
30 68 5 10
30 89 5 29
31 14 4 17
31 24 3 17
31 29 4 20
31 54 3 15
31 58 3 19
31 69 3 16
31 72 4 17
31 75 3 21
31 80 4 16
31 84 4 15
32 7 6 32
32 8 6 32
32 9 6 30
32 51 0 0
32 56 0 30
32 60 0 33
32 73 0 1
32 75 0 2
32 83 6 33
33 18 7 36
33 34 7 35
33 48 7 38
33 53 7 28
33 58 7 27
33 60 5 29
34 8 4 5
34 41 1 23
34 43 1 20
34 44 1 23
34 60 1 5
34 67 1 5
35 37 3 19
35 50 3 13
35 52 2 12
36 27 0 25
37 12 4 21
37 25 4 23
37 41 6 21
37 55 6 20
37 61 4 24
38 18 7 19
38 38 7 15
38 39 7 37
38 90 7 16
39 8 2 12
39 17 2 14
39 41 1 6
39 47 1 9
39 56 1 11
39 65 2 5
39 84 1 9
39 84 1 9
40 38 4 20
40 47 4 4
40 73 0 22
40 77 0 3
41 46 3 25
41 82 3 29
42 15 2 34
42 35 6 12
42 64 2 13
42 73 6 14
43 26 7 9
43 36 1 7
43 49 7 6
43 59 7 8
43 69 7 36
43 77 7 39
44 29 0 3
44 87 0 4
45 7 2 23
45 11 2 11
45 15 4 23
45 35 4 24
45 46 4 23
45 57 2 12
45 82 4 22
45 86 4 11
45 88 2 11
45 90 2 12
46 0 1 27
46 34 1 9
46 52 5 7
46 61 1 25
47 17 7 33
47 49 7 30
47 49 7 39
47 74 7 31
47 78 6 30
47 90 7 35
49 0 3 8
49 16 3 5
49 22 1 9
49 46 1 5
49 49 1 17
49 54 1 7
49 54 3 18
49 85 3 17
50 33 7 36
50 42 4 38
50 57 7 37
50 80 4 37
50 85 7 37
51 6 6 32
51 15 5 34
51 63 5 34
51 64 6 28
51 88 6 32
51 90 6 29
52 10 1 8
52 11 1 6
52 28 1 2
52 34 1 6
53 1 7 11
53 2 7 11
53 14 2 38
53 63 7 14
53 80 7 39
53 84 2 39
54 14 3 15
54 24 3 30
54 25 3 32
54 33 6 19
54 36 3 19
54 60 6 31
54 68 6 18
54 70 6 30
54 82 6 18
55 37 4 24
55 41 4 21
55 53 4 23
55 75 4 27
