1 22 8 24
1 86 1 4
2 15 2 8
2 26 7 21
2 57 7 21
2 69 7 22
3 33 3 11
3 37 3 9
3 37 6 18
3 38 6 19
3 62 6 19
3 71 6 19
3 82 6 18
3 88 3 9
4 0 5 17
4 6 5 17
4 10 5 17
4 13 4 13
4 14 5 17
4 34 5 16
4 46 4 14
4 50 4 12
4 84 5 16
4 88 4 12
5 1 8 25
5 37 8 24
5 65 8 24
5 68 8 26
5 74 0 0
5 74 8 26
5 78 0 1
6 6 9 27
6 36 7 23
6 38 9 29
6 49 9 28
6 52 9 27
6 58 9 28
6 68 7 21
6 74 9 28
6 77 9 29
7 9 1 4
7 28 1 5
7 58 1 5
7 63 6 18
7 75 1 3
7 81 6 18
8 41 5 16
9 13 3 11
9 30 3 10
9 55 3 11
9 57 3 9
9 79 4 12
9 86 3 11
10 33 0 2
10 67 7 22
10 74 7 22
10 76 0 1
11 18 6 19
11 39 8 26
11 47 8 26
11 48 8 25
11 56 6 18
11 68 6 20
11 75 8 24
11 78 8 26
11 81 8 25
11 88 6 20
11 90 8 24
12 56 9 29
12 66 9 27
12 70 9 29
12 77 9 17
12 90 9 29
13 65 4 12
14 38 3 9
14 39 3 10
14 61 3 11
16 24 5 16
16 26 7 23
16 47 5 16
16 53 5 16
16 54 5 17
16 61 5 16
16 73 5 16
16 77 5 15
17 4 8 24
17 7 8 26
17 13 8 26
17 20 4 12
17 21 4 14
17 24 8 24
17 26 8 25
17 42 8 24
17 50 4 12
17 61 4 14
18 21 3 11
18 26 3 9
18 27 3 10
18 28 3 11
18 79 3 10
18 88 9 28
19 35 1 3
19 54 1 4
19 61 1 5
19 63 2 6
19 79 1 3
19 82 1 3
20 26 5 16
20 48 5 17
20 88 5 17
21 11 6 18
21 18 6 18
21 35 6 20
21 44 6 19
21 47 4 14
21 59 4 14
21 85 4 13
21 87 4 12
22 6 3 11
22 35 3 11
22 46 3 9
22 47 3 9
22 76 3 10
23 13 2 6
23 16 8 24
23 17 8 26
23 18 8 26
23 22 8 26
23 22 2 6
23 34 8 26
23 35 2 8
23 53 8 24
23 70 8 25
23 73 2 6
23 84 2 7
24 12 9 29
24 24 1 4
24 26 9 27
24 34 9 29
24 39 9 28
24 40 9 29
24 42 9 28
24 57 1 5
24 76 9 28
24 87 1 4
25 6 4 12
25 10 0 1
25 10 0 1
25 13 0 2
25 16 4 14
25 22 0 2
25 30 4 14
25 50 4 14
25 58 0 1
25 80 0 0
26 22 3 11
26 25 5 17
26 29 5 15
26 42 3 10
26 48 3 10
26 54 5 15
26 59 3 11
26 67 3 10
26 74 3 10
26 88 5 17
27 7 6 18
27 16 6 19
27 38 6 18
27 67 6 20
27 69 6 20
27 73 6 19
28 1 7 21
28 6 7 22
28 28 1 4
28 51 1 3
28 74 7 21
28 75 7 23
28 75 1 3
28 78 1 3
28 88 7 21
28 88 1 3
29 5 8 24
29 8 9 27
29 41 9 27
29 81 8 26
30 15 3 9
30 19 0 0
30 36 3 9
30 43 0 0
30 44 0 0
30 58 0 2
30 63 0 1
30 69 3 10
30 85 0 2
30 85 0 2
31 0 2 7
31 1 2 7
31 5 4 14
31 6 4 12
31 12 4 12
31 13 2 7
31 20 2 6
31 23 2 8
31 35 4 12
31 50 2 6
31 54 2 6
32 1 1 4
32 2 1 5
32 10 5 15
32 21 1 4
32 41 1 4
32 51 5 16
32 62 1 3
32 75 5 15
32 76 1 4
33 11 9 28
33 23 9 29
33 28 9 29
33 32 9 29
33 71 6 18
33 82 9 28
33 83 6 19
33 85 6 18
34 20 8 26
34 25 8 24
34 33 8 24
35 27 2 7
35 43 2 7
35 56 2 8
35 76 2 6
35 83 2 6
35 88 2 6
36 29 1 3
36 32 1 5
36 38 1 4
36 49 3 10
36 57 1 4
36 65 1 5
36 78 1 3
36 83 3 11
36 84 3 11
37 26 9 27
37 41 4 14
37 49 9 28
37 52 9 29
37 54 9 27
37 55 9 28
37 56 4 12
37 70 9 29
38 13 5 15
38 16 5 17
38 23 5 16
38 27 5 15
38 36 5 15
38 39 5 15
38 51 5 15
39 1 7 22
39 21 7 19
39 24 7 22
39 49 6 18
39 62 6 19
39 76 6 20
39 79 6 20
40 32 0 0
40 43 0 2
40 46 1 5
40 51 0 0
40 52 1 3
40 68 0 0
40 78 0 0
40 78 0 0
40 89 0 1
41 17 2 6
41 42 2 8
41 69 9 29
42 5 8 25
42 9 3 11
42 26 8 25
42 30 8 26
42 38 8 26
42 50 3 10
42 56 8 26
42 85 8 26
43 39 7 22
43 41 4 12
43 51 7 22
43 53 4 13
43 54 4 14
43 66 4 22
43 68 7 22
43 71 4 13
43 80 4 13
43 80 7 22
44 1 5 16
44 7 5 15
44 24 6 20
44 47 5 17
44 49 5 17
44 50 5 17
44 53 6 20
44 56 5 17
44 56 6 20
44 63 6 19
44 71 6 18
44 78 5 15
44 81 6 18
45 0 0 0
45 5 0 2
45 25 0 0
45 42 9 27
45 42 0 1
45 46 0 1
45 51 9 29
45 54 9 29
45 55 9 27
45 64 9 29
45 78 0 0
45 85 9 27
45 87 0 0
46 9 8 24
46 11 8 24
46 14 1 3
46 16 1 5
46 23 1 3
46 31 1 5
46 48 1 4
46 54 8 26
46 56 8 24
46 61 1 5
46 72 1 5
47 0 7 23
47 14 7 21
47 23 2 8
47 30 7 22
47 38 2 7
47 50 7 21
47 55 2 6
47 90 2 6
48 35 6 20
48 39 6 18
48 87 3 10
49 48 4 14
49 49 4 13
49 51 4 13
49 54 5 15
49 65 4 13
49 88 4 12
49 88 4 14
50 2 8 25
50 33 8 25
50 35 8 24
50 40 8 25
50 60 8 26
50 69 8 26
50 78 8 24
50 86 0 1
51 19 9 27
51 52 9 28
51 53 9 29
51 60 9 27
51 68 9 27
51 68 9 29
52 6 6 20
52 6 1 5
52 67 6 20
52 68 1 5
52 68 1 4
52 77 6 18
52 78 6 19
52 83 6 18
52 89 6 19
53 2 2 7
53 23 5 17
53 38 5 17
53 52 5 16
53 60 5 15
53 71 5 15
53 80 2 6
53 90 5 15
54 20 3 10
54 36 4 12
54 64 3 11
55 1 7 21
55 42 7 21
55 47 7 21
55 52 7 21
56 41 8 25
56 69 6 18
56 71 8 24
57 13 5 16
57 89 9 29
58 0 1 4
58 1 4 12
58 20 1 3
58 27 4 13
58 28 4 14
58 28 4 12
58 34 4 13
58 36 4 14
58 36 1 5
58 55 1 4
58 57 1 5
58 59 4 13
58 66 1 3
59 8 3 11
59 22 2 7
59 51 3 10
59 56 2 6
59 74 2 6
59 77 2 8
59 81 2 7
59 82 2 8
60 17 6 19
60 34 6 20
60 50 6 20
60 68 0 2
60 76 6 20
60 86 0 2
61 17 5 17
61 23 5 16
61 23 7 23
61 33 7 23
61 39 5 16
61 73 5 17
61 79 5 15
62 22 8 26
62 30 8 25
62 82 8 24
63 7 9 29
63 12 9 28
63 23 3 11
63 47 9 29
63 62 3 11
64 0 1 3
64 20 1 4
64 30 2 7
64 40 1 5
64 64 1 4
64 78 1 4
64 79 2 6
64 81 1 4
64 84 2 8
64 85 2 6
64 87 2 7
65 2 5 16
65 3 5 16
65 6 0 1
65 9 0 0
65 20 0 1
65 34 0 1
65 41 5 17
65 56 0 1
65 71 5 15
65 75 5 17
65 83 5 17
65 84 5 15
66 2 6 18
66 12 6 19
66 51 6 19
66 62 4 13
66 74 4 12
66 74 6 20
66 75 6 18
66 80 4 13
66 81 6 18
66 84 6 18
67 1 3 9
67 2 7 22
67 4 3 22
67 13 7 23
67 20 3 10
67 20 3 11
67 49 7 21
67 60 3 10
67 70 3 10
67 80 3 10
68 21 8 24
68 35 2 7
68 37 8 24
68 40 2 7
68 66 2 7
68 88 2 8
69 57 9 27
69 70 9 29
69 77 9 29
69 81 9 29
69 84 1 4
69 86 9 29
70 15 0 2
70 68 4 14
70 83 0 0
71 12 3 10
71 16 3 9
71 26 3 10
71 49 5 17
71 51 5 15
71 69 5 17
71 81 3 10
71 81 5 17
72 6 2 8
72 19 2 8
72 24 6 18
72 30 2 6
72 35 2 8
72 43 2 7
72 51 2 7
72 86 6 18
73 4 1 4
73 13 1 3
73 54 1 5
73 56 1 5
73 59 1 3
73 82 7 21
73 85 1 4
74 9 9 28
74 29 9 29
74 33 9 28
74 43 9 27
74 85 9 27
74 90 8 25
75 24 0 0
75 28 0 0
75 56 0 2
75 61 0 2
75 67 0 2
75 72 0 2
75 80 0 1
76 15 2 7
76 28 2 8
76 31 4 13
76 55 2 7
76 89 2 7
76 90 4 12
77 10 1 4
77 23 1 3
77 49 1 5
77 77 1 3
78 2 6 19
78 7 9 27
78 28 6 19
78 35 6 18
78 45 9 29
78 63 6 20
78 64 9 27
78 80 9 29
78 85 9 27
79 2 8 25
79 4 7 21
79 8 7 23
79 17 7 22
79 19 7 21
79 20 7 22
79 28 8 25
79 45 7 21
79 64 8 25
79 76 8 25
79 80 8 26
79 85 8 25
80 0 0 0
80 21 2 8
80 23 0 1
80 30 0 1
80 35 0 0
80 62 0 2
80 62 0 0
80 77 0 2
80 84 2 6
81 10 1 4
81 39 1 5
81 39 1 5
81 45 1 4
81 60 1 4
81 68 1 5
81 85 3 9
82 77 4 13
83 1 8 26
83 22 8 26
83 33 8 24
84 3 6 20
84 21 6 19
84 28 6 20
84 45 6 19
84 87 6 18
85 8 1 4
85 16 1 4
85 33 1 5
85 41 0 2
85 43 0 4
85 44 0 2
85 50 0 1
85 61 0 4
86 7 2 7
86 18 2 6
86 59 2 8
86 87 2 8
87 24 3 10
87 35 3 11
87 74 8 25
87 86 3 11
88 4 7 21
88 16 4 13
88 29 7 23
88 40 7 23
88 52 4 13
88 57 7 22
88 58 4 14
88 62 7 21
88 62 4 13
88 84 7 23
88 88 7 23
89 1 6 19
89 2 6 19
89 11 6 20
89 51 6 18
89 52 6 20
89 68 5 16
89 72 5 17
89 74 6 20
