0 0 9
1 1 8
2 2 7
3 3 6
4 4 5
5 0 8
6 9 7
7 1 6
8 2 5
9 3 4
10 0 7
11 8 6
12 9 5
13 1 4
14 2 3
15 0 6
16 7 5
17 8 4
18 9 3
19 1 2
20 0 5
21 6 4
22 7 3
23 8 2
24 9 1
25 0 4
26 5 3
27 6 2
28 7 1
29 8 9
30 0 3
31 4 2
32 5 1
33 6 9
34 7 8
35 0 2
36 3 1
37 4 9
38 5 8
39 6 7
40 0 1
41 2 9
42 3 8
43 4 7
44 5 6
45 9 0
46 8 1
47 7 2
48 6 3
49 5 4
50 8 0
51 7 9
52 6 1
53 5 2
54 4 3
55 7 0
56 6 8
57 5 9
58 4 1
59 3 2
60 6 0
61 5 7
62 4 8
63 3 9
64 2 1
65 5 0
66 4 6
67 3 7
68 2 8
69 1 9
70 4 0
71 3 5
72 2 6
73 1 7
74 9 8
75 3 0
76 2 4
77 1 5
78 9 6
79 8 7
80 2 0
81 1 3
82 9 4
83 8 5
84 7 6
85 1 0
86 9 2
87 8 3
88 7 4
89 6 5
